Folder	Index	∆-ML_RE	PM6_RE	DFT_RE
BSR36	0	0.7943109499756247	10.610963489110006	10.812833995529218
BSR36	1	-0.09799456194741651	10.520202704980022	10.810843839892186
BSR36	2	-0.9995426833920646	12.703926957400014	12.344838765216991
BSR36	3	0.1916597971576266	9.844822738860032	9.99848673993256
BSR36	4	1.0182036733895075	9.32478560732001	9.878062720148591
BSR36	5	1.452550534333568	11.714342228780026	12.279922331741545
BSR36	6	-1.6662124221329577	14.167629953480002	14.484489025606308
BSR36	7	0.26536567881703377	12.856569360590015	13.34756820689654
BSR36	8	-1.1437995875021443	15.246815502960033	14.595900845655706
BSR36	9	0.3705700517166406	12.100077290900003	12.656163221341558
BSR36	10	-1.3393335355212912	14.533724047070024	13.663015951868147
BSR36	11	0.45987610542215407	13.16298415107002	13.702832901850343
BSR36	12	0.2994874058640562	11.999716254100036	12.446115319791716
BSR36	13	0.7801109825377353	11.44494710107	11.240325429302175
BSR36	14	-4.084081925568171	17.487889907590016	15.130542445171159
BSR36	15	-2.52677696783212	8.25530869674003	4.951548816607101
BSR36	16	0.8287755855126306	11.978786181260034	12.816457231121603
BSR36	17	-3.298034958250355	12.738188536530004	9.630640017916448
BSR36	18	0.7058464580331929	16.525556244500024	17.52402633789461
BSR36	19	-4.921960890176706	17.86314609675	13.857361686590593
BSR36	20	-3.3966129904729314	17.11776476868002	13.960114138724748
BSR36	21	-3.294808644684963	14.88550193394002	12.4091048813425
BSR36	22	-2.506333888217341	16.959822970670018	14.25249175936915
BSR36	23	-3.333220756263472	16.938533147789997	13.560510251380038
BSR36	24	-0.8895034343004227	26.748842943710088	24.11272840364836
BSR36	25	-3.238546133507043	14.071521346640054	13.76055202819407
BSR36	26	-0.691593901719898	22.927875504440067	20.350506301037967
BSR36	27	2.5702102199429646	28.61995132964006	30.503722455585375
BSR36	28	-2.5899540971731767	26.67879315387006	27.786445078090765
BSR36	29	-0.09283492807298899	30.671465136270058	32.57657220668625
BSR36	30	2.538497301284224	27.583296998029994	29.24870907398872
BSR36	31	-9.230476267053746	32.33851914855006	33.76431924907956
BSR36	32	-7.111227493733168	45.18463500317006	46.118271681829356
BSR36	33	-15.507981452275999	38.31633105520007	37.727784601505846
BSR36	34	-3.858134650392458	57.819778214140115	59.21195782860741
BSR36	35	-30.515065317973495	54.20355697552026	56.43994540523272
CDIE20	0	-2.4442744030675385	2.5546588289199974	-0.8248030676768394
CDIE20	1	0.33587024398730136	2.5409468177800107	4.236577897332609
CDIE20	2	3.6076142352249008	-9.670307072020009	-5.648015669634333
CDIE20	3	-3.4981598454760388	2.0934316045599815	-2.1016066936135758
CDIE20	4	-2.9265558035986032	2.788551701079996	-0.06275101500796154
CDIE20	5	0.3005793964548502	2.4507164343499994	3.713997148530325
CDIE20	6	-0.05824285067501478	2.7978821412199864	4.373259851621697
CDIE20	7	0.3860405752493534	0.10710173787001054	1.144664668943733
CDIE20	8	0.5639012937899679	-1.7096152093199777	1.860855509818066
CDIE20	9	0.2503674648469314	4.4184984191699925	4.623449861828703
CDIE20	10	2.3179259398311842	-0.96477350631001	1.1694828095205594
CDIE20	11	-0.1252601636806503	4.113723258679997	4.493635443534004
CDIE20	12	0.47911654532072134	4.816183639670015	4.738424590963405
CDIE20	13	0.07811696329736151	4.971415781929991	5.222106213652296
CDIE20	14	3.724154878902482	-0.7335902899000075	3.39546846729354
CDIE20	15	5.637224197067553	-5.507014408789999	-0.17102655264898203
CDIE20	16	3.6545941493823193	-0.22282364016000145	3.423870271712076
CDIE20	17	3.9680336996680126	3.793656415400008	5.8242032517446205
CDIE20	18	4.21273657650454	0.8129128676300041	5.906664417969296
CDIE20	19	5.71085895728902	0.6958188417900146	8.536356497206725
ISO34	0	7.635202985213255	-8.212034917890009	-0.7094478336803149
ISO34	1	4.727743190320325	15.901050929869996	20.873536737562972
ISO34	2	-0.9450452383316588	6.795443034420003	5.865652913416852
ISO34	3	0.11569599375070538	0.9375039920599946	1.213238561162143
ISO34	4	-0.7637168651854154	2.0139406822599994	0.9783656007784884
ISO34	5	-2.1752144813654013	5.183188638809995	3.3474879587156465
ISO34	6	4.100471429512254	6.502179875210004	9.890105122089153
ISO34	7	0.418104546086397	20.409090211560013	19.80773804054479
ISO34	8	2.627632161078509	5.2394802957099955	6.748474899388384
ISO34	9	-2.595311557801324	7.518275414469997	3.804368203447666
ISO34	10	-6.325686280528316	3.061855651340011	0.3976944448368158
ISO34	11	13.54907423548866	44.28856222405001	49.72418469862896
ISO34	12	23.13647499907529	20.997447565439998	37.79309076460777
ISO34	13	-2.2102293320494937	24.473871322170005	23.110522444621893
ISO34	14	-0.33677798883582	7.806326810279998	7.277985448658001
ISO34	15	-1.2198244975152193	10.513678776369993	9.940696124540409
ISO34	16	11.687775301295915	17.471825684650007	25.498457884794334
ISO34	17	4.396115056006238	5.6076844616499955	10.275155275478028
ISO34	18	2.9886505907343235	2.383825987809999	4.651616445102263
ISO34	19	9.397166575916344	7.764519704669993	17.90984903142089
ISO34	20	1.6016234936832916	-0.2578439228999798	1.270521836791886
ISO34	21	1.3362321201129816	1.3554412949399932	2.210813891637372
ISO34	22	2.82595807427424	0.8183114243200009	4.3550140675506555
ISO34	23	-1.467509067573701	11.96537165573	10.778247257709154
ISO34	24	-2.226800133183133	29.001201046709998	28.11130628270621
ISO34	25	-0.543681861308869	17.244352967050006	17.139847886544885
ISO34	26	-8.341504493320826	72.11247434659	61.21980120916851
ISO34	27	5.094574567934615	27.709140329329998	34.342278443451505
ISO34	28	0.24114307455602102	11.941579725199999	11.127850501739886
ISO34	29	-3.9077137593121734	13.53518707707	9.994617120886687
ISO34	30	1.6644879645318724	13.157269660050002	13.744510866352357
ISO34	31	6.516876420238987	-2.165003413800001	2.49780217994703
ISO34	32	0.9671194303955417	6.408956186959999	7.400002976646647
ISO34	33	-0.22543973161373287	5.740047109380008	8.792821378301596
ISOL24	0	-15.08076869463548	78.91468806125005	66.0317255005939
ISOL24	1	5.397471694042906	238.93508490493002	30.891865075856913
ISOL24	2	-4.635288872872479	14.688402727729994	10.583779300155584
ISOL24	3	-6.925983806140721	43.902377474380046	54.30593122879509
ISOL24	4	-0.4320911495015025	34.93071881658	30.268194565782323
ISOL24	5	-3.429603338474408	22.00669401739998	28.342747781192884
ISOL24	6	-7.727662549121305	13.02247639346001	15.982435152051039
ISOL24	7	18.14513992308639	10.799843790559976	22.80933786625974
ISOL24	8	-6.885225412086584	20.93599949129998	20.878658563422505
ISOL24	9	-2.2575806329841726	2.630669861410013	4.1615515652811155
ISOL24	10	-11.181980301626027	52.68466924574	44.71222324226983
ISOL24	11	1.8602883528219536	30.792878468679987	29.22038106463151
ISOL24	12	-4.981481457944028	6.504188479599998	2.944618647918105
ISOL24	13	-13.269933281466365	25.948712732949957	-0.8861519799102098
ISOL24	14	-6.57675828516949	21.34808393776	20.51514959684573
ISOL24	15	1.5151720935245976	2.4392666974999884	9.880248893518
DARC	0	0.5781654093589168	-41.52645906918001	-42.566314253694145
DARC	1	6.335708790255012	-60.56598779673001	-59.6478803276259
DARC	2	2.3505667674471624	-19.80313969706998	-24.778939356066985
DARC	3	6.911134646565188	-26.95375057066002	-29.21027347218478
DARC	4	-3.4616634623671416	-27.77071293233	-33.10635718103731
DARC	5	-6.845229616505094	-41.16114674009998	-45.075250236171996
DARC	6	14.762928691925481	-18.403170110319998	-9.073198106663767
DARC	7	12.284779957379214	-18.738364904	-10.835652756039053
DARC	8	12.045321500569116	-19.964704362470002	-11.354091767279897
DARC	9	10.49178827169817	-20.493172559050002	-13.332947596267331
DARC	10	10.118362911278382	-28.274120848880003	-27.17105343140429
DARC	11	8.426468993828166	-29.272775429470002	-27.498384458129294
DARC	12	7.059557139058597	-29.21942403732001	-29.12516722077271
DARC	13	5.143435600446537	-29.995185795050006	-29.46392031130381
