Folder	Index	∆-ML_RE	R2S_RE	CC_RE	DFT_RE
01	0	-2.7477205346245057	25.58184840530157	23.70129658083897	25.538051144016208
01	1	-0.12495108005435895	-1.3831466601986904	0.5232287601102144	0.0828693441580981
01	2	-2.880284796346814	25.64355476151104	23.6829170435376	22.323919757822296
01	3	0.5564790931720154	0.6989043902140111	-0.12405380542622879	2.104422429460101
01	4	-4.268728144455167	11.356935176212573	7.417130307061598	11.403499745501904
01	5	-1.846383588119096	16.960869935515802	16.336276989488397	19.638964537793072
01	6	0.36793556270043837	24.720272426493466	24.989600677596172	24.722059646242997
01	7	0.8234703783155055	8.453231177089037	8.09421908587683	7.838614376378246
01	8	-2.720754596274787	20.29309849673882	17.04081285148277	17.892071383597795
01	9	-1.5292184635546562	0.002744247089140117	-1.8263218120264355	-0.8088725979323499
01	10	-0.9199646494489002	-25.597345330112148	-28.13387829164276	-27.13817320013186
01	11	-0.9657721246059339	46.235086671222234	45.260129471484106	43.62327831995208
01	12	0.6830469447689325	3.3044494010391645	3.1332383612170815	3.1510575186403003
01	13	4.434081806466395	-2.4205988989851903	2.2514010756858625	-0.7346695399901364
01	14	-1.1233344428640066	4.910564985126257	2.9206768215226475	5.100778206571704
01	15	0.3326443173793905	0.4909711731597781	0.47532896473421715	0.5463565367099363
01	16	-0.1472251466497596	-1.4987878492975142	-1.4650059369159862	-1.061617755854968
01	17	-1.980330186228798	-11.96439156748238	-12.892562813329278	-11.897219778009458
01	18	-3.2413763797081856	18.550125695590395	16.526988326368155	16.588588602491654
01	19	-4.2150009638169195	49.72435304321698	44.043394877866376	44.381527630233904
01	20	2.183698235477266	17.372859832306858	18.436666067573242	16.811250816332176
01	21	-4.956097551201822	70.58939645127975	67.93534744947101	66.91157493655919
01	22	0.8503938271383618	14.449888451199513	15.493631703517167	16.041690134588862
01	23	-4.098781593329022	0.32401948154438287	-3.299092354020104	-1.1813660913030617
01	24	3.700127056601758	-35.55310022231424	-30.81129029125441	-32.26745467909495
01	25	-2.6648435026534685	35.77368003691663	31.159396882838337	31.25599438077188
01	26	-0.08651617501124065	-0.03431923140306026	0.03011292321025394	-0.043845689186127856
01	27	0.9630382386572194	-0.7275022122776136	0.6863477301376406	-1.5362179961521178
01	28	-0.4708876140259406	15.166992503713118	14.732949468278093	14.788560828601476
01	29	-0.9167968066991534	-14.770036007656017	-15.855581753363367	-13.505134112172527
01	30	4.482540580878094	-70.96809332666453	-66.97265864850488	-68.14151881370344
01	31	-1.0951067882395762	23.709840644267388	23.579906309314538	19.752345758723095
01	32	-0.2585504974086348	7.997194961353671	7.442810925334925	7.680674884410109
01	33	0.41206850530460315	2.6133165341743734	2.6397581621131394	2.714078830642393
01	34	-4.253091834819259	-14.900629884301452	-20.74349401635118	-18.059260602487484
01	35	-4.0246260700440075	39.91247280003154	35.05591183051001	35.309881522203796
01	36	1.7791905650865374	-21.65167607407784	-19.67358586692717	-20.513099482748657
01	37	0.5609938537021151	-11.916009799257154	-11.439917518786388	-9.833730445971014
01	38	-0.6778354350741438	22.182102141028736	20.415090657712426	20.630829989386257
01	39	-1.7234520649619753	26.31966114602983	24.011373442190234	23.193186546792276
01	40	0.16571477804620827	-2.2046381826512516	-2.173014770494774	-1.2707224666082766
01	41	-0.421267352508238	0.11376172577729449	-0.17196051913197152	-0.0742791588709224
01	42	-0.8781492765878056	17.57026574847987	16.797490377299255	15.264152687537717
01	43	-0.14990435619301934	14.495629746379564	13.386102970747743	15.762558694928885
01	44	3.666500834274217	25.34813771423069	29.10884240962332	26.530327079672134
01	45	-0.8612321983783033	17.456806120433612	15.016916778695304	15.123070713540073
01	46	-0.12094158669009403	23.885910615790635	24.5096872059803	23.878886265592882
01	47	-0.7367316142649827	-46.58379976451397	-47.855696030921536	-49.517127795814304
01	48	-0.44636984490915665	21.479989979648963	20.65179465361871	20.0087622119172
01	49	2.445305244642782	-12.029195002571214	-10.119141368748387	-13.446868442202685
01	50	5.58428120971837	-4.52413117774995	0.8771951264061499	-1.9374223099439405
01	51	1.8751035386101762	-18.141892419429496	-16.211798863485456	-18.0927081318805
01	52	0.8661526422944803	-61.3837203924777	-60.619237720937235	-63.40355313467444
01	53	3.387351862378381	6.11672154389089	9.096182905574096	4.831108654150739
01	54	0.05991601510544342	36.74145376632805	40.123641461279476	38.24310116725974
01	55	0.44537922763009874	10.067192079295637	10.421725743712159	9.082189551496413
01	56	0.08919709949080357	8.19118555818568	8.554260979988612	8.448393000260694
01	57	0.31662993297675257	1.1345939738675952	1.189889399916865	0.9788360430975445
01	58	-6.787736486375479	6.311025769042317	1.9562653713510372	4.4547201747773215
01	59	1.9165912908088387	3.4460271844582167	4.99981528025819	5.70599769052933
01	60	-1.7305239323657986	-4.320231312070973	-5.982979854336008	-5.525986611173721
01	61	0.23031707660334177	7.706168709410122	6.737527890189085	7.5707066766917706
01	62	-0.13253792911916662	0.7135088581417222	0.8618596279120538	0.893801280471962
01	63	3.2278209479422912	14.441950889420696	15.50354558438994	14.803289825445972
01	64	-2.094147030178533	17.849344148125965	15.084773476904957	17.348726600437658
01	65	-1.081131089308144	-3.517884948872961	-3.3091446002945304	-2.037354414060246
01	66	-0.7027308786754247	-26.63762714128825	-30.367125826800475	-30.61548480152851
01	67	0.4512647362988105	21.681071803322993	20.771826638141647	20.255038787378
01	68	-0.6553185909240824	-0.6665822328068316	-0.6699514302890748	0.5272344384284224
01	69	0.5534301387478422	1.0921918970707338	0.7597182895988226	0.6728824706515297
01	70	-1.147739465416862	-20.455281194241252	-22.0180630410905	-26.820158776943572
01	71	-1.052077540717022	-15.00083180089132	-16.495816907903645	-15.233352549548727
01	72	1.0275520698205582	-6.28041011816822	-6.479630927147809	-6.129928521346301
01	73	-0.7658495400021081	18.074503857438685	17.511070724314777	14.933090407197597
01	74	-3.031235744211756	7.839008717797697	5.689204743131995	7.600577460427303
01	75	-1.171610201344265	16.082720087928465	14.374963587120874	13.762885791511508
01	76	1.588490202082312	33.02239013800863	34.932197020272724	34.79143559274962
01	77	3.0905401558626977	55.982278783863876	58.08098211014294	57.319672618439654
01	78	3.6021971140833955	11.90131769987056	17.405525597161613	13.096976936998544
01	79	5.212938196576715	-0.13969832006841898	3.450976053602062	5.4520441414788365
01	80	0.3001983344641417	-2.327896387083456	-2.3339590976538602	-1.7452581363613717
01	81	2.784717041917361	30.451923062180867	31.735725671285763	32.37911555694882
01	82	0.251665291867198	14.067271222738782	16.21871713345172	16.082837698457297
01	83	-3.5576581280840287	23.488665858458262	20.853333083039615	23.241397664300166
01	84	-2.2402951140238656	5.7101255916350055	4.864069598523201	5.2839463230920956
01	85	1.9199823465663712	11.931566682440462	14.34348315250827	12.21718745934777
01	86	-2.4248849145558324	-62.53010309842648	-65.37380494188983	-67.4395957516972
01	87	-2.786442887307146	-0.7194378155400045	-3.4842621566494927	-1.7745247245475184
01	88	-0.9393831105763297	-2.2272747620590962	-2.3787387532065623	-1.2514366359100677
01	89	-1.348188653017047	47.436273606086615	46.19727371353656	44.68259921018034
01	90	3.572528460323497	-27.527312051097397	-25.609097164764535	-24.52873550937511
01	91	0.758188573085647	12.595925844449084	15.016324113530573	12.92381725111045
01	92	-2.2308115085358224	-39.235128045169404	-42.64135672841803	-42.363096990738995
01	93	1.2252807709237459	-3.8146971805545036	-2.764275491645094	-2.466074993746588
01	94	0.9049225410524855	15.955772139510373	17.274143037648173	15.290199974144343
01	95	-2.2745995534104395	-15.788642878876999	-17.118225986661855	-14.901137224107515
01	96	0.07383227999366682	55.49006924038986	59.089292289630976	56.206822767155245
01	97	0.07549964402642217	10.283962233224884	10.49787744769128	9.654943900415674
01	98	1.719912892129713	30.087867552152602	31.107283860997995	30.96327545880922
01	99	-0.318407570479053	30.35005614857073	28.71740669303108	28.422919000004185
01	100	-1.599040409648694	-20.225327123858733	-21.456947528378805	-19.399534743570257
01	101	0.14818455666119235	4.128286217048299	4.772510907263495	5.389689773961436
01	102	-4.827731389667974	53.36628026707331	47.36041246945388	47.28462051550741
01	103	-0.1063169100259529	17.878290189779364	17.25298004972865	18.642463845259044
01	104	3.762567846300243	-5.012883892282844	-0.8272175438760314	-7.152232054882916
01	105	-0.9348371960782629	-11.230639851273736	-11.947958370146807	-10.922652307432145
01	106	-3.5631554564396026	7.7376606744364835	4.20721906554536	8.293285386811476
01	107	0.4068601598878274	-3.6565040187269915	-2.745905178715475	-3.0178024140768684
01	108	1.3002312197928916	-6.466419337550178	-4.944526772509562	-5.733382509264629
01	109	2.2672285149295135	33.557896521291696	33.42205859598471	28.24470897699939
01	110	1.1814178834562483	2.6339929370878963	3.8720450266700936	3.0235883938730694
01	111	-1.2538095696017848	12.750609137263382	11.41422537008475	14.449134359776508
01	112	-0.9093474703459208	22.688784705416765	22.043741353263613	21.258091081574094
01	113	1.0972144231297705	19.10066778564942	21.42648869167897	19.630079173017293
01	114	-0.40956651886278905	-22.284397987357806	-22.668006834515836	-22.697301095788134
01	115	5.432722963628493	39.85118384603993	44.327970996062504	45.55141861768789
01	116	-4.601560089451425	12.58316855452722	10.005651761544868	10.704007302323589
01	117	2.312033185060841	41.011693659384036	42.90799607854569	49.47109823941719
01	118	0.3286091644883129	-4.66475885201362	-4.82010399264982	-4.435664953140076
01	119	2.4868956206485677	15.757427644683048	17.01033325996832	16.213230945315445
01	120	-2.4509939029368013	-26.882886731036706	-29.47412014735164	-30.82448112606653
01	121	5.8926829672792	27.294989626214374	32.695817814877955	33.15081398404436
01	122	-0.6379052961312368	59.10905548086157	57.365042633144185	56.00311661307933
01	123	-3.38576281160465	-42.4215586783248	-49.21104738838039	-46.25622198614292
01	124	-0.111408891399293	4.20124398637563	3.7057644072338007	3.63471146824304
01	125	0.40962725777131936	5.55052110273391	6.038367523957277	5.6247956494335085
01	126	0.4566787533190677	-13.151539026410319	-11.023968065506779	-13.311530938430224
01	127	-0.002160510528796067	0.005981997441267595	-0.042406689026392996	-0.062047657498624176
01	128	-0.10793539408427932	-3.5832349272968713	-3.278766476752935	-0.5449267608928494
